Assembly	# contigs (>= 0 bp)	# contigs (>= 1000 bp)	# contigs (>= 5000 bp)	# contigs (>= 10000 bp)	# contigs (>= 25000 bp)	# contigs (>= 50000 bp)	Total length (>= 0 bp)	Total length (>= 1000 bp)	Total length (>= 5000 bp)	Total length (>= 10000 bp)	Total length (>= 25000 bp)	Total length (>= 50000 bp)	# contigs	Largest contig	Total length	GC (%)	N50	N75	L50	L75	# Ns per 100 kbp	
IO_all_DCM_0.8_5.00	1411716	1411716	56590	12652	2107	504	2833261052	2833261052	536623174	246544292	96072954	41735149	1411716	307080	2833261052	53.47	2035	1348	358641	794719	0.00
IO_all_DCM_180_2000.00	548998	548998	5834	566	78	29	859051038	859051038	44143793	10844665	4311489	2691701	548998	189279	859051038	39.52	1486	1180	186570	350308	0.00
IO_all_DCM_20_180.00	1285930	1285930	24114	4874	1083	383	2233840323	2233840323	238058587	113048921	58946172	34804059	1285930	364111	2233840323	41.71	1669	1244	389275	781656	0.00
IO_all_DCM_5_20.00	122450	122450	12139	3380	126	51	306730736	306730736	112770512	51984809	8223852	5783166	122450	304235	306730736	39.56	3097	1546	22555	59332	0.00
IO_all_FSW_0.8_5.00	245489	245489	19581	7028	2124	813	689980219	689980219	280297750	195461165	121894364	76657044	245489	640322	689980219	52.78	3451	1694	35352	109842	0.00
IO_all_MES_0.8_5.00	672026	672026	73850	25187	5551	1511	2006958507	2006958507	879912210	547448774	259624467	122868985	672026	496770	2006958507	51.67	4007	1855	101548	293159	0.00
IO_all_SRF_0.8_5.00	2701960	2701960	113653	23497	3273	921	5480045277	5480045277	1042124470	445839450	163243545	84291527	2701960	602997	5480045277	51.87	2077	1367	688380	1517070	0.00
IO_all_SRF_180_2000.00	1703453	1703453	35404	6358	1002	174	2946934237	2946934237	305027453	117049595	40197054	12375260	1703453	179673	2946934237	38.79	1666	1239	517604	1037022	0.00
IO_all_SRF_20_180.00	2141063	2141063	34109	4304	518	174	3623891612	3623891612	270340628	78640154	27441263	15935970	2141063	338976	3623891612	40.31	1646	1243	683750	1323651	0.00
IO_all_SRF_5_20.00	636936	636936	38391	8108	783	203	1379812814	1379812814	340746993	137564935	37298377	18090707	636936	359209	1379812814	43.47	2323	1409	146145	341967	0.00
IO_all_ZZZ_0.8_5.00	175534	175534	8999	3079	773	283	394121962	394121962	118628426	78838813	45090477	28370536	175534	658672	394121962	51.65	2328	1381	33528	90339	0.00
MS_all_DCM_0.8_5.00	1891047	1891047	86641	23261	4910	1347	4017161023	4017161023	921258847	499243413	234216895	113294058	1891047	669335	4017161023	51.04	2182	1395	442992	1030762	0.00
MS_all_DCM_180_2000.00	586450	586450	13316	3678	977	279	1037496342	1037496342	147584463	84601545	44649517	20473239	586450	185571	1037496342	42.29	1665	1233	167464	351182	0.00
MS_all_DCM_20_180.00	940203	940203	17715	2762	461	152	1633716179	1633716179	152058870	55681799	23709492	13373207	940203	396803	1633716179	41.56	1693	1255	289554	573111	0.00
MS_all_DCM_5_20.00	604525	604525	7959	1379	242	85	992060678	992060678	73367105	30978425	14904785	9515406	604525	551915	992060678	43.60	1569	1212	196340	378024	0.00
MS_all_SRF_0.8_5.00	2536494	2536494	126862	30170	4678	1114	5388239675	5388239675	1217253465	573486350	211370186	91483200	2536494	478346	5388239675	53.33	2216	1402	602886	1384012	0.00
MS_all_SRF_180_2000.00	1392416	1392416	35072	8916	2212	645	2509991009	2509991009	370949163	199265142	101471119	47392156	1392416	314420	2509991009	41.07	1714	1248	390394	826298	0.00
MS_all_SRF_20_180.00	1989328	1989328	38092	4317	165	44	3458679246	3458679246	279916102	62302772	8055131	4196914	1989328	348656	3458679246	40.42	1713	1267	622465	1216096	0.00
MS_all_SRF_5_20.00	696497	696497	21745	4688	809	221	1322301431	1322301431	208028032	95530056	40676751	20766473	696497	648033	1322301431	43.31	1872	1306	189926	404675	0.00
NAO_all_DCM_0.8_5.00	929453	929453	36442	10593	2465	781	1904922595	1904922595	421209579	249062200	130233272	73137905	929453	420509	1904922595	53.79	2040	1345	220654	514407	0.00
NAO_all_DCM_180_2000.00	206143	206143	2066	160	21	6	316946301	316946301	14716940	2772055	941219	430723	206143	103996	316946301	42.23	1453	1169	71182	132503	0.00
NAO_all_DCM_20_180.00	700501	700501	5760	430	10	0	1094813776	1094813776	39437415	5781374	290152	0	700501	36904	1094813776	40.57	1509	1196	243722	449099	0.00
NAO_all_DCM_5_20.00	366070	366070	6335	636	26	3	617157707	617157707	45515349	8827217	910650	186815	366070	73644	617157707	45.45	1639	1233	116428	226221	0.00
NAO_all_MES_0.8_5.00	1013763	1013763	52355	17208	5039	1953	2369279389	2369279389	737584290	502412767	322240941	216234083	1013763	1196825	2369279389	52.92	2472	1437	186776	511678	0.00
NAO_all_MIX_0.8_5.00	1885329	1885329	75491	16148	2246	633	3776451919	3776451919	701707802	308902828	113592544	59696371	1885329	536593	3776451919	52.33	2031	1353	484793	1065023	0.00
NAO_all_MIX_180_2000.00	332370	332370	2659	370	39	2	508969927	508969927	20452731	5871268	1248382	116141	332370	62946	508969927	43.32	1460	1176	116619	214502	0.00
NAO_all_MIX_20_180.00	746836	746836	15306	2475	309	14	1334527219	1334527219	123391394	41216758	10288596	801339	746836	76939	1334527219	42.56	1772	1291	228307	451266	0.00
NAO_all_MIX_5_20.00	335553	335553	3265	339	51	14	532846816	532846816	24669303	6241865	2245450	1008369	335553	104180	532846816	45.82	1526	1199	113908	213260	0.00
NAO_all_SRF_0.8_5.00	3407827	3407827	155485	38663	8173	2959	7295143867	7295143867	1703543974	928667377	491509896	313822210	3407827	1018021	7295143867	54.12	2212	1398	785193	1845566	0.00
NAO_all_SRF_180_2000.00	1303185	1303185	17588	3986	756	126	2106368901	2106368901	166059018	77996911	29603366	8274430	1303185	140557	2106368901	41.14	1526	1194	424365	818565	0.00
NAO_all_SRF_20_180.00	1822750	1822750	20212	3022	186	8	2885894539	2885894539	156397736	45242697	6167002	540707	1822750	97954	2885894539	40.19	1513	1195	618388	1159665	0.00
NAO_all_SRF_5_20.00	674671	674671	7176	1191	182	59	1073217780	1073217780	64416476	25973422	11479576	7439384	674671	514534	1073217780	46.56	1513	1191	225766	427539	0.00
NPO_all_DCM_0.8_5.00	1604067	1604067	64934	17672	3815	1247	3272549906	3272549906	717945920	402636338	202444267	115891182	1604067	596123	3272549906	52.03	2034	1340	383006	889490	0.00
NPO_all_DCM_180_2000.00	311708	311708	2977	155	18	11	488877209	488877209	20273624	2962815	1201602	953948	311708	166825	488877209	43.05	1503	1186	106489	198876	0.00
NPO_all_DCM_20_180.00	1512999	1512999	14248	1408	65	10	2377809101	2377809101	101618228	19973767	2499905	725454	1512999	118448	2377809101	40.16	1509	1194	519490	966216	0.00
NPO_all_DCM_5_20.00	271654	271654	5972	1136	71	9	456276603	456276603	49683504	17709339	2932459	917400	271654	207791	456276603	51.02	1584	1202	83053	166897	0.00
NPO_all_MES_0.8_5.00	699559	699559	53028	18663	4798	1636	1839466103	1839466103	704181328	471295944	266527236	158918404	699559	580271	1839466103	54.35	3153	1575	108284	324463	0.00
NPO_all_SRF_0.8_5.00	2611195	2611195	105096	25436	5360	1826	5365634653	5365634653	1114398774	587428548	299356306	179252572	2611195	827585	5365634653	51.38	2085	1362	636281	1448478	0.00
NPO_all_SRF_180_2000.00	989281	989281	16189	1981	104	14	1633968566	1633968566	121201981	29588242	4082643	1242970	989281	275309	1633968566	39.64	1586	1214	318681	616313	0.00
NPO_all_SRF_20_180.00	1545596	1545596	26255	2946	102	3	2615441104	2615441104	190523608	40476642	3197980	164132	1545596	58423	2615441104	40.75	1651	1243	493923	955404	0.00
NPO_all_SRF_5_20.00	620964	620964	14399	2455	332	83	1090167164	1090167164	124466082	46634085	17268442	9027237	620964	696265	1090167164	45.12	1696	1244	184369	374697	0.00
RS_all_DCM_0.8_5.00	219634	219634	9510	2658	479	132	447545908	447545908	101294936	55307454	24050529	12284590	219634	352009	447545908	55.11	2031	1330	51841	121513	0.00
RS_all_DCM_180_2000.00	112577	112577	1609	77	0	0	180702790	180702790	10294169	985916	0	0	112577	23036	180702790	39.99	1528	1194	37179	71002	0.00
RS_all_DCM_20_180.00	315247	315247	5701	600	11	1	529827576	529827576	40967483	7837535	393616	85090	315247	85090	529827576	37.39	1627	1231	100420	195093	0.00
RS_all_DCM_5_20.00	167619	167619	170	8	0	0	220981361	220981361	1069597	89370	0	0	167619	14451	220981361	30.26	1261	1105	67947	114943	0.00
RS_all_SRF_0.8_5.00	359126	359126	19447	5108	913	287	782249234	782249234	204014841	107683942	48084889	26971551	359126	528728	782249234	52.68	2285	1394	78354	191018	0.00
RS_all_SRF_180_2000.00	389232	389232	3824	200	5	0	620236079	620236079	25288752	2645554	144631	0	389232	31055	620236079	38.73	1542	1206	132620	247309	0.00
RS_all_SRF_20_180.00	847784	847784	8548	584	22	2	1390703803	1390703803	57899488	7985108	770072	119111	847784	62218	1390703803	39.66	1609	1237	284895	533492	0.00
SAO_all_DCM_0.8_5.00	4674436	4674436	250034	57411	6771	1221	9964060386	9964060386	2284704979	998930699	284277293	102181752	4674436	558869	9964060386	55.26	2247	1403	1107106	2542775	0.00
SAO_all_DCM_180_2000.00	402992	402992	5753	440	7	1	660727783	660727783	39599975	5904554	242475	50182	402992	50182	660727783	44.35	1583	1213	131502	252090	0.00
SAO_all_DCM_20_180.00	717648	717648	7541	753	34	1	1146796939	1146796939	54161811	10935489	1122914	62173	717648	62173	1146796939	40.06	1540	1205	242735	455104	0.00
SAO_all_DCM_5_20.00	144482	144482	1559	294	53	3	224836998	224836998	13570718	5399361	1921318	214306	144482	75700	224836998	50.23	1463	1170	48849	92228	0.00
SAO_all_MES_0.8_5.00	636289	636289	37860	11512	2188	570	1397404063	1397404063	412613641	234105451	98911753	44395456	636289	333140	1397404063	45.85	2318	1356	126362	331739	0.00
SAO_all_SRF_0.8_5.00	3147739	3147739	131571	28035	4285	1173	6417888833	6417888833	1231284123	547639266	213580593	110014121	3147739	672762	6417888833	54.34	2092	1373	797950	1762672	0.00
SAO_all_SRF_180_2000.00	1159060	1159060	25910	4486	226	34	1983689150	1983689150	208998916	67893772	8991565	3003903	1159060	476483	1983689150	38.59	1636	1228	354059	708499	0.00
SAO_all_SRF_20_180.00	1224087	1224087	17668	2304	246	53	2009775166	2009775166	137471559	38527522	10263627	3885894	1224087	164238	2009775166	42.12	1576	1214	398197	765329	0.00
SAO_all_SRF_5_20.00	320806	320806	13625	3260	221	137	644085106	644085106	144579637	74454386	33507889	30848021	320806	1135662	644085106	44.93	1988	1309	76086	178407	0.00
SO_all_DCM_0.8_5.00	514372	514372	17886	3035	357	55	1015621356	1015621356	147930997	51044438	13613081	3675097	514372	111343	1015621356	52.47	2027	1382	142823	296552	0.00
SO_all_DCM_180_2000.00	197790	197790	3028	492	134	16	329130800	329130800	26347856	10312456	5159416	1199129	197790	171065	329130800	47.41	1595	1215	62844	122669	0.00
SO_all_DCM_20_180.00	108295	108295	2270	320	28	2	192294640	192294640	17673990	5076191	919947	109961	108295	56466	192294640	47.36	1758	1278	32997	65488	0.00
SO_all_DCM_5_20.00	8892	8892	1228	162	5	0	25090559	25090559	9431312	2229861	143687	0	8892	35774	25090559	37.27	3855	1931	1938	4249	0.00
SO_all_MES_0.8_5.00	12138	12138	250	62	4	0	21343351	21343351	2191826	909861	135904	0	12138	39512	21343351	41.16	1678	1269	3689	7391	0.00
SO_all_SRF_0.8_5.00	922999	922999	34036	6344	797	106	1809943952	1809943952	289610282	108186655	30200090	7338817	922999	139073	1809943952	53.94	1992	1351	249470	529820	0.00
SO_all_SRF_180_2000.00	329144	329144	6026	999	121	21	560947567	560947567	49618324	17193970	4739193	1445875	329144	97495	560947567	44.72	1648	1235	102516	202059	0.00
SO_all_SRF_20_180.00	309574	309574	4257	837	154	36	513028051	513028051	38324452	16238292	6339838	2407419	309574	100246	513028051	44.13	1595	1221	100018	192872	0.00
SO_all_SRF_5_20.00	227883	227883	14234	1299	60	16	503510354	503510354	102503759	18288715	2694325	1256193	227883	195575	503510354	40.22	2491	1510	57899	123913	0.00
SPO_all_DCM_0.8_5.00	2165492	2165492	84722	22074	4409	1402	4407251549	4407251549	924230732	508106644	253747502	152118809	2165492	1091547	4407251549	52.04	2042	1346	526694	1205090	0.00
SPO_all_DCM_180_2000.00	757959	757959	7523	426	18	3	1176646817	1176646817	50212074	6020317	776929	190298	757959	84044	1176646817	40.12	1476	1177	260122	485407	0.00
SPO_all_SRF_0.8_5.00	4828681	4828681	188759	45519	8541	2565	9706949089	9706949089	1937973667	988109464	460696722	258927686	4828681	1369037	9706949089	51.59	2015	1340	1202542	2709501	0.00
SPO_all_SRF_180_2000.00	3546733	3546733	74261	13476	2639	986	6202110831	6202110831	692856553	297828286	145443523	89264918	3546733	547879	6202110831	38.38	1681	1246	1063188	2148260	0.00
SPO_all_SRF_20_180.00	3793633	3793633	59535	7189	435	49	6335042238	6335042238	443554460	106807254	15724868	3195496	3793633	117836	6335042238	40.03	1619	1231	1224089	2357646	0.00
SPO_all_SRF_5_20.00	1756191	1756191	34257	7677	1616	608	3022184393	3022184393	361809190	187471130	100504985	66344776	1756191	1162445	3022184393	45.21	1624	1222	524999	1068231	0.00
SPO_CHIL_DCM_0.8_5.00	196849	196849	9762	2721	474	137	415943773	415943773	103441028	56027341	23687355	12232182	196849	313467	415943773	50.82	2169	1356	43905	106279	0.00
SPO_CHIL_DCM_180_2000.00	114187	114187	1146	40	4	1	179831374	179831374	7467110	678769	207175	78542	114187	78542	179831374	39.98	1510	1188	38806	72709	0.00
SPO_CHIL_DCM_20_180.00	169623	169623	1742	112	4	0	272156932	272156932	11711189	1499289	135964	0	169623	44894	272156932	38.60	1551	1204	56898	107218	0.00
SPO_CHIL_DCM_5_20.00	36878	36878	883	207	26	5	64868839	64868839	8095664	3652531	1009650	312467	36878	80358	64868839	47.30	1684	1235	10757	22161	0.00
SPO_CHIL_MES_0.8_5.00	42893	42893	3637	1565	676	375	143809522	143809522	78019852	63964834	50623714	40015213	42893	493709	143809522	48.22	6543	1787	2560	14663	0.00
SPO_CHIL_SRF_0.8_5.00	717842	717842	43326	12997	2526	548	1634914196	1634914196	467877713	263713011	111120164	44618177	717842	840353	1634914196	46.74	2450	1443	148344	372268	0.00
SPO_CHIL_SRF_180_2000.00	459761	459761	17339	3927	686	160	903464226	903464226	164876524	76525523	30601749	12953042	459761	341098	903464226	37.11	1966	1325	118823	261514	0.00
SPO_CHIL_SRF_20_180.00	659719	659719	8088	644	29	1	1070844695	1070844695	56378330	9249170	1001418	75932	659719	75932	1070844695	39.23	1570	1215	219741	415496	0.00
SPO_CHIL_SRF_5_20.00	309327	309327	3921	564	114	25	496054553	496054553	32462997	10879287	4634529	1650154	309327	122714	496054553	41.79	1527	1196	102637	195299	0.00
SPO_PEOD_DCM_0.8_5.00	481188	481188	21075	5944	1099	266	993401544	993401544	224965522	123889211	53460274	25303514	481188	973537	993401544	48.89	2081	1349	113262	264902	0.00
SPO_PEOD_DCM_180_2000.00	148873	148873	2359	129	4	3	247529306	247529306	15575739	1749906	186050	158543	148873	54235	247529306	38.35	1610	1221	47877	92514	0.00
SPO_PEOD_DCM_20_180.00	366683	366683	5707	838	53	5	616590191	616590191	44170101	12538919	1773039	321300	366683	84510	616590191	39.68	1635	1241	118294	227574	0.00
SPO_PEOD_DCM_5_20.00	124451	124451	3077	836	263	147	236718532	236718532	44089836	29445727	21071232	17021218	124451	473437	236718532	48.82	1816	1268	31615	71381	0.00
SPO_PEOD_MES_0.8_5.00	97796	97796	5882	2286	870	409	257756389	257756389	100854498	76676020	55214113	38895910	97796	312655	257756389	50.68	3056	1537	13237	44598	0.00
SPO_PEOD_SRF_0.8_5.00	435523	435523	14757	4449	937	234	836423792	836423792	165724697	96564504	45121614	21362267	435523	1368490	836423792	51.25	1840	1280	110091	249070	0.00
SPO_PEOD_SRF_180_2000.00	236776	236776	2567	184	7	1	371437065	371437065	17440520	2506629	231193	50153	236776	50153	371437065	41.79	1497	1185	80684	151043	0.00
SPO_PEOD_SRF_20_180.00	406929	406929	10329	1010	28	0	743880007	743880007	73470567	13715068	933689	0	406929	49668	743880007	42.60	1839	1312	122214	243407	0.00
SPO_PEOD_SRF_5_20.00	151548	151548	6700	1510	154	18	300622260	300622260	59726790	25036962	6127050	1810282	151548	348530	300622260	48.45	2001	1315	37945	85313	0.00
SPO_SPSG_DCM_0.8_5.00	1366868	1366868	54805	15222	3326	1104	2807560593	2807560593	630778428	366938801	194323935	119165218	1366868	780256	2807560593	53.85	2050	1341	320889	753842	0.00
SPO_SPSG_DCM_180_2000.00	396830	396830	3482	227	11	1	604081580	604081580	23701065	3267245	451422	87485	396830	87485	604081580	41.37	1441	1164	138544	256204	0.00
SPO_SPSG_DCM_20_180.00	773340	773340	8206	1015	52	4	1221772511	1221772511	60728096	14530628	1708323	212561	773340	55165	1221772511	40.20	1515	1196	263810	492687	0.00
SPO_SPSG_DCM_5_20.00	269213	269213	11724	3261	470	108	542827348	542827348	118257118	61513915	21088937	9065736	269213	297188	542827348	51.92	2020	1323	64829	149847	0.00
SPO_SPSG_MES_0.8_5.00	656879	656879	31345	8148	1693	686	1432914120	1432914120	366085556	211205854	119390571	85320842	656879	933592	1432914120	53.24	2258	1401	143325	350108	0.00
SPO_SPSG_MIX_0.8_5.00	631734	631734	41787	14464	3367	882	1529539954	1529539954	508102868	323563801	159402669	75207898	631734	830682	1529539954	55.04	2685	1491	114682	312682	0.00
SPO_SPSG_SRF_0.8_5.00	3414291	3414291	128323	30420	5714	1941	6819632671	6819632671	1337374046	688686177	336093530	208159175	3414291	1149817	6819632671	53.17	1994	1333	855557	1922282	0.00
SPO_SPSG_SRF_180_2000.00	2831143	2831143	50835	8779	1953	812	4865391657	4865391657	481722095	209710829	113682595	74421547	2831143	533560	4865391657	39.17	1651	1239	870358	1731130	0.00
SPO_SPSG_SRF_20_180.00	2874892	2874892	47960	5879	342	28	4860413319	4860413319	357506137	86399858	11880012	1785078	2874892	91529	4860413319	40.37	1646	1241	918184	1777358	0.00
SPO_SPSG_SRF_5_20.00	1029719	1029719	19131	4772	1274	553	1777975936	1777975936	231991086	137723199	86937426	62145656	1029719	854732	1777975936	47.10	1614	1216	302473	624032	0.00
